0 127 0 0 104 90 0 129 0 61 37 0 0 0 127 63 0 0 0 149 0 0 0 0 106 0 0 151 0 0 0 0 0 123 0 0 0 46 75 186 0 0 130 0 0 62 0 0 82 0 0 0 0 0 0 0 76 122 80 0
103 0 0 0 0 126 139 145 0 68 0 0 0 0 102 0 0 89 140 0 0 0 0 120 0 148 0 0 0 0 0 92 50 75 0 113 0 0 0 0 0 125 0 115 0 117 0 58 0 75 0 0 0 0 138 0 0 0 0 102
0 0 0 94 185 0 149 0 0 51 0 0 0 99 0 0 0 0 152 128 0 0 0 73 141 0 0 0 0 0 0 39 87 0 119 0 0 31 0 100 86 163 0 0 134 0 65 83 0 0 0 0 0 0 0 0 102 157 63 0
0 0 21 0 0 0 106 0 157 73 0 0 0 0 92 0 0 0 0 0 133 0 0 0 0 113 102 93 0 0 93 0 0 0 0 128 130 0 0 0 0 63 57 0 75 90 0 110 75 0 61 0 0 133 0 61 0 0 134 0
136 0 50 0 0 0 0 125 0 0 129 0 0 53 73 0 93 166 0 0 70 84 74 56 0 0 0 0 62 0 89 99 0 108 0 136 150 0 0 0 0 0 0 0 0 0 0 0 98 0 0 0 96 137 0 0 60 0 134 66
157 115 0 0 0 0 0 0 0 0 0 0 0 0 136 0 0 0 0 0 0 0 0 87 138 0 0 0 0 0 0 0 0 0 168 0 0 112 63 124 0 70 0 0 9 0 165 0 0 120 0 78 0 0 0 0 0 0 148 0
0 131 98 105 0 0 0 120 0 72 0 0 100 0 73 0 0 0 69 63 111 0 0 95 0 0 104 0 138 0 0 0 110 88 0 0 0 0 0 130 0 133 0 0 0 0 193 0 123 87 0 0 0 0 0 52 120 147 72 0
112 58 0 0 109 0 116 0 115 0 135 0 56 0 0 0 0 0 0 96 87 0 0 0 0 0 0 0 0 100 0 0 0 0 0 0 0 0 93 0 0 125 0 0 97 0 0 0 59 0 0 0 135 0 101 0 89 0 81 0
0 0 0 66 0 0 0 93 0 152 0 0 132 69 0 111 0 0 110 0 63 0 0 0 81 0 74 123 0 91 0 110 86 81 0 71 97 0 81 0 0 0 0 99 0 0 151 0 0 0 114 0 0 0 75 0 0 65 57 0
77 86 105 66 0 0 81 0 99 0 0 0 113 0 0 73 0 78 0 0 0 0 0 0 0 0 77 155 42 0 0 0 0 98 0 0 133 0 0 76 103 91 0 141 0 0 89 61 111 0 0 90 94 0 67 0 72 72 0 0
146 0 0 0 138 0 0 79 0 0 0 0 115 0 0 0 143 0 0 0 0 0 0 112 0 0 0 0 0 0 85 0 0 108 0 0 0 0 0 0 106 0 59 50 0 72 108 104 0 0 87 0 0 0 0 0 0 0 0 0
0 0 0 0 0 0 0 0 0 0 0 0 120 108 0 75 0 0 98 128 0 0 131 0 115 81 0 0 116 0 0 0 96 0 0 0 0 0 0 96 0 0 0 0 116 0 0 0 84 0 139 120 73 0 0 48 0 0 0 0
0 0 0 0 0 0 126 70 134 83 99 105 0 0 0 0 0 0 0 0 134 108 0 0 0 0 0 89 0 0 87 0 78 0 109 102 127 0 38 115 99 67 0 75 100 0 0 106 0 164 115 0 0 103 0 0 141 0 0 0
0 0 137 0 124 0 0 0 51 0 0 75 0 0 0 0 0 99 0 0 0 0 0 0 121 178 0 132 0 104 0 0 0 0 0 0 0 62 0 0 140 0 90 0 0 0 0 0 0 0 84 0 0 118 0 0 0 89 86 0
155 51 0 131 84 108 166 0 0 0 0 0 0 0 0 0 0 54 0 0 0 109 131 98 104 0 90 0 0 76 122 0 0 0 115 0 0 0 65 0 0 0 0 0 61 76 0 0 90 0 4 0 0 68 89 86 0 98 92 0
84 0 0 0 0 0 0 0 101 145 0 107 0 0 0 0 125 147 117 0 0 43 0 93 104 0 0 0 0 0 0 0 0 0 0 79 46 81 0 0 0 0 137 0 0 139 141 141 137 0 44 134 0 0 0 166 0 0 0 0
0 0 0 0 107 0 0 0 0 0 108 0 0 0 0 113 0 0 99 69 69 0 109 80 0 0 0 0 150 0 0 0 124 64 0 0 0 109 103 127 0 0 0 0 0 0 110 90 170 67 0 111 0 108 0 113 0 0 103 0
0 76 0 0 68 0 0 0 0 123 0 0 0 144 135 50 0 0 0 0 0 105 0 97 111 0 65 117 0 82 125 0 119 0 0 0 0 0 0 0 0 0 0 0 0 0 0 0 93 0 96 0 0 0 0 0 0 0 0 0
0 45 153 0 0 0 164 0 95 0 0 94 0 0 0 101 140 0 0 0 0 84 0 0 130 0 0 0 0 139 0 0 0 0 0 0 0 192 105 113 0 105 0 142 0 0 0 0 0 0 0 0 0 0 0 64 0 0 0 0
76 0 80 0 0 0 67 131 0 0 0 115 0 0 0 0 92 0 0 0 0 125 0 85 40 0 82 103 0 0 0 95 0 0 0 111 122 0 90 0 0 94 0 0 0 0 0 0 67 105 0 0 96 0 19 0 0 0 0 0
0 0 0 91 108 0 103 129 147 0 0 0 154 0 0 0 132 0 0 0 0 79 0 0 0 0 0 0 0 0 0 0 97 138 0 50 112 0 115 0 94 67 0 0 55 0 64 0 87 0 0 80 0 0 153 0 105 0 0 0
0 0 0 0 72 0 0 0 0 0 0 0 81 0 66 48 0 86 142 81 121 0 0 0 0 0 0 0 119 0 113 95 0 0 118 0 0 108 0 0 125 0 0 0 136 103 0 0 0 0 109 0 0 0 83 0 0 0 76 0
0 0 0 0 104 0 0 0 0 0 0 167 0 0 144 0 63 0 0 0 0 0 0 0 99 0 152 0 78 0 0 135 0 0 0 0 0 0 0 90 0 60 0 101 117 0 0 30 79 104 0 0 92 0 0 150 108 0 0 0
0 44 156 0 89 38 127 0 0 0 129 0 0 0 150 74 102 123 0 91 0 0 0 0 106 0 0 0 88 151 0 0 124 0 107 99 0 0 119 0 0 0 0 0 81 0 0 72 0 0 125 0 94 78 133 0 107 0 0 188
87 0 143 0 0 138 0 0 96 0 0 70 0 52 125 112 0 106 97 49 0 0 130 85 0 0 0 0 0 0 87 0 0 126 0 138 0 0 103 63 101 0 0 38 0 35 133 0 0 100 88 0 0 0 0 118 0 0 92 0
0 95 0 115 0 0 0 0 0 0 0 93 0 77 0 0 0 0 0 0 0 0 0 0 0 0 0 0 0 0 47 0 158 0 38 79 0 0 89 0 81 168 122 0 128 0 0 100 0 0 0 91 0 0 81 0 0 114 0 0
0 0 0 47 0 0 77 0 147 82 0 0 0 0 113 0 0 87 0 117 0 0 123 0 0 0 0 0 125 0 0 0 0 0 90 0 116 91 0 0 0 0 0 114 0 0 50 0 0 0 65 0 145 0 0 0 93 0 0 0
90 0 0 109 0 0 0 0 84 155 0 0 105 107 0 0 0 49 0 58 0 0 0 0 0 0 0 0 91 0 115 81 135 0 0 0 0 81 0 76 0 104 0 0 94 0 100 0 0 157 0 0 0 119 0 81 151 0 104 108
0 0 0 0 60 0 29 0 0 81 0 113 0 0 0 0 121 0 0 0 0 144 91 98 0 0 77 191 0 0 96 0 0 0 0 0 0 73 40 0 0 125 0 116 0 0 0 0 0 0 144 83 0 0 134 101 0 0 0 0
0 0 0 0 0 0 0 82 45 0 0 0 0 113 108 0 0 125 86 0 0 0 0 84 0 0 0 0 0 0 73 0 87 0 0 0 0 110 0 0 0 0 0 0 0 0 0 0 0 86 128 0 0 88 0 109 0 106 0 0
0 0 0 131 87 0 0 0 0 0 108 0 125 0 81 0 0 86 0 0 0 129 0 0 126 59 0 122 74 122 0 36 0 0 0 51 100 0 101 129 0 102 0 127 94 0 119 141 0 0 0 125 0 97 0 0 0 0 66 0
0 88 112 0 97 0 0 0 80 0 0 0 0 0 0 0 0 0 0 85 0 116 111 0 0 0 0 144 0 0 142 0 0 96 0 0 0 0 0 80 0 99 75 82 0 0 91 0 0 0 106 0 95 0 0 135 0 135 0 0
0 97 130 0 0 0 133 0 76 0 0 105 126 0 0 0 95 108 0 0 98 0 0 103 0 147 0 144 0 68 0 0 0 98 0 75 0 0 0 0 85 0 0 0 0 0 85 0 122 53 0 0 0 29 124 0 135 85 0 0
115 159 0 0 112 0 66 0 101 99 73 0 0 0 0 0 185 0 0 0 118 0 0 0 111 0 0 0 0 0 0 50 118 0 0 0 0 0 0 0 78 0 0 0 92 0 115 0 0 153 0 0 0 0 0 81 0 0 0 0
0 0 104 0 0 178 0 0 0 0 0 0 124 0 113 0 0 0 0 0 0 117 0 138 0 133 115 0 0 0 0 0 0 0 0 126 0 0 96 0 116 0 0 64 0 48 107 0 0 0 172 97 0 105 0 71 131 113 130 0
0 83 0 68 84 0 0 0 119 0 0 0 133 0 0 143 0 0 0 106 143 0 0 162 90 156 0 0 0 0 124 0 129 0 119 0 0 0 0 0 0 0 43 0 0 0 0 0 0 94 98 0 0 0 117 0 0 70 0 82
0 0 0 108 133 0 0 0 83 82 0 0 35 0 0 79 0 0 0 120 66 0 0 0 0 0 108 0 0 0 91 0 0 0 0 0 0 0 0 0 0 0 0 0 0 0 0 0 0 0 79 118 0 122 0 48 0 116 80 0
82 0 79 0 0 82 0 0 0 0 0 0 0 78 0 87 132 0 120 0 0 99 0 0 0 0 116 144 69 45 0 0 0 0 0 0 0 0 0 0 119 0 0 0 0 0 0 68 0 0 0 0 0 0 42 0 0 0 0 0
59 0 0 0 0 80 0 51 120 0 0 0 116 0 22 0 54 0 125 98 92 0 0 117 95 87 0 0 99 0 121 0 0 0 76 0 0 0 0 0 0 97 68 0 0 0 0 0 41 0 0 0 0 0 109 76 0 0 96 110
108 0 99 0 0 135 57 0 0 107 0 81 89 0 0 0 80 0 77 0 0 0 78 0 66 0 0 116 0 0 85 119 0 0 0 0 0 0 0 0 140 0 145 0 0 0 83 0 66 100 140 91 125 84 93 82 0 132 0 90
0 0 138 0 0 0 0 0 0 123 70 0 107 156 0 0 0 0 0 0 103 102 0 0 135 75 0 0 0 0 0 0 151 131 157 0 0 118 0 155 0 124 0 0 0 0 76 0 0 101 0 0 89 0 0 0 0 0 0 92
0 140 73 107 0 112 142 86 0 144 0 0 60 0 0 0 0 0 126 101 127 0 96 0 0 116 0 108 19 0 79 91 0 0 0 0 0 0 40 0 86 0 81 0 0 99 0 114 0 0 0 80 0 0 134 0 56 56 0 0
138 0 0 114 0 0 0 0 0 0 100 0 0 125 0 83 0 0 0 0 0 0 0 0 0 114 0 0 0 0 0 67 0 0 0 120 0 0 130 105 0 166 0 0 0 0 0 0 71 0 0 127 0 0 0 0 0 0 104 145
0 120 0 0 0 0 0 0 92 111 53 0 137 0 0 0 0 0 107 0 0 0 67 0 75 0 114 0 88 0 113 109 0 0 98 0 0 0 0 0 0 0 0 0 0 0 142 0 45 0 0 78 0 103 94 0 0 102 133 0
0 0 106 114 0 79 0 105 0 0 0 90 157 0 103 0 0 0 0 0 92 82 88 165 0 92 0 100 0 0 85 0 0 92 0 0 0 0 0 0 0 0 0 0 0 164 113 0 91 0 0 0 135 93 0 0 0 83 88 0
93 139 0 62 0 0 0 0 0 0 109 0 0 0 131 80 0 0 0 0 0 107 0 0 128 0 0 0 0 0 0 0 0 0 98 0 0 0 0 0 0 121 0 0 144 0 127 0 0 0 110 81 68 0 0 0 0 0 0 0
0 0 33 0 0 127 65 0 110 128 98 0 0 0 0 150 98 0 0 0 145 0 0 0 128 0 128 63 0 0 74 60 125 129 106 0 0 0 0 56 118 0 0 68 102 91 0 0 48 0 0 119 0 50 0 0 116 0 151 76
0 136 -3 109 0 0 0 0 0 127 117 0 126 0 0 100 98 0 0 0 0 0 64 62 0 55 0 0 0 0 136 0 0 0 0 0 0 101 0 0 0 69 0 0 0 0 0 0 0 0 0 0 115 0 0 0 0 0 0 91
121 0 0 121 98 0 134 88 0 91 0 152 0 0 126 39 91 52 0 82 111 0 189 0 0 0 0 0 0 0 0 0 100 0 0 0 0 0 170 63 0 0 127 62 135 0 111 0 0 0 0 0 0 0 75 0 162 0 0 0
0 34 0 0 0 93 62 0 0 0 0 0 117 0 0 0 88 0 0 80 0 0 88 0 63 0 0 142 0 64 0 0 117 92 0 106 0 0 0 78 25 0 0 0 0 0 0 0 0 0 0 84 0 0 0 0 0 0 0 0
0 0 0 84 0 0 0 0 58 0 80 147 158 124 77 104 0 102 0 0 0 113 0 100 110 0 75 0 103 98 0 152 0 0 103 93 104 0 0 119 0 0 0 0 0 36 0 0 0 0 0 0 0 0 0 117 0 109 110 132
0 0 0 0 0 70 0 0 0 124 0 83 0 0 0 79 39 0 0 0 94 0 0 0 0 130 0 0 95 0 91 0 0 0 142 0 53 0 0 90 0 71 158 145 0 70 114 0 0 141 0 0 0 93 59 0 0 0 0 0
0 0 0 0 106 0 0 88 0 85 0 66 0 0 0 0 0 0 0 141 0 0 88 75 0 0 122 0 0 0 0 103 0 0 0 0 0 0 0 99 85 0 0 0 82 147 0 161 0 0 0 0 0 0 0 0 0 106 82 80
0 0 0 94 94 0 0 0 0 0 0 0 77 120 97 0 124 0 0 0 0 0 0 172 0 0 0 108 0 98 -2 0 46 0 82 0 125 0 0 95 0 0 0 116 97 0 124 0 0 0 0 120 0 0 0 0 0 101 158 0
0 124 0 0 0 0 0 61 93 106 0 0 0 0 73 0 0 0 0 97 143 139 0 70 0 131 0 0 69 0 0 0 119 0 0 55 0 74 104 140 0 136 0 60 0 0 0 0 113 0 0 114 0 0 0 0 0 0 111 0
0 0 0 149 0 0 102 0 0 0 0 142 0 0 116 112 80 0 147 0 0 0 29 0 119 0 0 110 110 121 0 55 0 78 134 0 134 0 129 78 0 0 0 0 0 0 0 0 0 0 131 0 0 0 0 0 80 0 0 75
97 0 63 0 140 0 113 113 0 105 0 0 64 0 0 0 0 0 0 0 60 0 48 80 0 0 102 88 0 0 0 0 133 0 129 0 0 0 0 0 0 162 0 0 0 0 71 0 104 0 0 0 0 0 0 79 0 125 0 0
112 0 85 0 0 0 11 0 88 49 0 0 0 89 100 0 0 0 0 0 0 0 0 0 0 106 0 0 0 134 0 119 113 0 88 77 115 0 0 123 0 42 0 61 114 0 0 0 0 0 109 0 98 147 0 0 116 0 0 0
103 0 111 108 111 85 151 123 85 0 0 0 0 136 134 0 168 0 0 0 0 102 0 0 58 0 0 112 0 0 174 0 0 0 139 0 88 0 123 0 0 0 131 116 55 0 118 0 0 0 102 0 99 86 65 0 0 0 0 0
0 90 0 0 94 0 0 0 0 0 0 0 0 0 0 0 0 0 0 0 0 0 0 152 0 0 0 101 0 0 0 0 0 0 0 73 0 0 91 99 92 0 73 0 0 0 135 95 0 0 118 0 106 0 0 79 0 0 0 0
