0 39 0 0 14 73 0 126 0 116 68 0 0 0 149 3 0 0 0 128 0 0 0 0 1 0 0 34 0 0 0 0 0 73 0 0 0 58 77 125 0 0 29 0 0 97 0 0 33 0 0 0 0 0 0 0 39 44 63 0
143 0 0 0 0 12 65 83 0 88 0 0 0 0 98 0 0 53 7 0 0 0 0 46 0 113 0 0 0 0 0 41 61 140 0 31 0 0 0 0 0 122 0 133 0 28 0 20 0 57 0 0 0 0 178 0 0 0 0 154
0 0 0 89 116 0 49 0 0 26 0 0 0 42 0 0 0 0 158 95 0 0 0 77 184 0 0 0 0 0 0 152 19 0 32 0 0 31 0 171 92 21 0 0 134 0 117 42 0 0 0 0 0 0 0 0 121 86 22 0
0 0 61 0 0 0 101 0 45 11 0 0 0 0 177 0 0 0 0 0 56 0 0 0 0 136 3 22 0 0 12 0 0 0 0 122 34 0 0 0 0 128 96 0 107 20 0 175 55 0 11 0 0 35 0 4 0 0 163 0
17 0 42 0 0 0 0 43 0 0 98 0 0 144 38 0 197 92 0 0 16 43 43 65 0 0 0 0 268 0 195 281 0 10 0 18 180 0 0 0 0 0 0 0 0 0 0 0 79 0 0 0 148 20 0 0 116 0 28 71
25 45 0 0 0 0 0 0 0 0 0 0 0 0 7 0 0 0 0 0 0 0 0 80 32 0 0 0 0 0 0 0 0 0 75 0 0 145 52 95 0 44 0 0 161 0 19 0 0 3 0 68 0 0 0 0 0 0 76 0
0 28 177 56 0 0 0 109 0 152 0 0 79 0 46 0 0 0 29 24 98 0 0 186 0 0 148 0 185 0 0 0 3 177 0 0 0 0 0 99 0 5 0 0 0 0 2 0 124 134 0 0 0 0 0 5 27 35 88 0
165 24 0 0 6 0 142 0 120 0 84 0 10 0 0 0 0 0 0 146 47 0 0 0 0 0 0 0 0 70 0 0 0 0 0 0 0 0 121 0 0 71 0 0 28 0 0 0 60 0 0 0 34 0 170 0 2 0 123 0
0 0 0 33 0 0 0 22 0 61 0 0 64 133 0 19 0 0 217 0 64 0 0 0 123 0 115 142 0 110 0 17 36 89 0 35 91 0 26 0 0 0 0 186 0 0 83 0 0 0 68 0 0 0 6 0 0 68 147 0
74 73 118 125 0 0 27 0 50 0 0 0 93 0 0 63 0 212 0 0 0 0 0 0 0 0 98 138 45 0 0 0 0 24 0 0 43 0 0 99 175 92 0 84 0 0 101 7 20 0 0 123 50 0 159 0 39 101 0 0
26 0 0 0 127 0 0 50 0 0 0 0 8 0 0 0 18 0 0 0 0 0 0 56 0 0 0 0 0 0 61 0 0 12 0 0 0 0 0 0 164 0 16 5 0 52 21 54 0 0 33 0 0 0 0 0 0 0 0 0
0 0 0 0 0 0 0 0 0 0 0 0 124 6 0 69 0 0 142 16 0 0 34 0 39 8 0 0 138 0 0 0 20 0 0 0 0 0 0 9 0 0 0 0 38 0 0 0 322 0 112 98 80 0 0 65 0 0 0 0
0 0 0 0 0 0 79 156 58 17 120 22 0 0 0 0 0 0 0 0 268 44 0 0 0 0 0 173 0 0 74 0 101 0 47 175 160 0 69 18 19 49 0 88 241 0 0 2 0 181 217 0 0 37 0 0 142 0 0 0
0 0 169 0 67 0 0 0 42 0 0 226 0 0 0 0 0 17 0 0 0 0 0 0 69 175 0 41 0 140 0 0 0 0 0 0 0 252 0 0 103 0 151 0 0 0 0 0 0 0 58 0 0 147 0 0 0 49 93 0
113 76 0 71 42 59 73 0 0 0 0 0 0 0 0 0 0 42 0 0 0 45 10 88 26 0 94 0 0 94 34 0 0 0 199 0 0 0 10 0 0 0 0 0 82 110 0 0 101 0 111 0 0 161 121 37 0 112 21 0
67 0 0 0 0 0 0 0 209 110 0 56 0 0 0 0 7 64 34 0 0 61 0 9 94 0 0 0 0 0 0 0 0 0 0 35 77 23 0 0 0 0 103 0 0 26 43 10 74 0 195 37 0 0 0 3 0 0 0 0
0 0 0 0 72 0 0 0 0 0 46 0 0 0 0 72 0 0 136 20 1 0 142 117 0 0 0 0 11 0 0 0 2 24 0 0 0 48 150 31 0 0 0 0 0 0 153 130 53 42 0 13 0 127 0 64 0 0 42 0
0 108 0 0 26 0 0 0 0 83 0 0 0 23 27 77 0 0 0 0 0 112 0 62 77 0 143 95 0 125 15 0 123 0 0 0 0 0 0 0 0 0 0 0 0 0 0 0 48 0 92 0 0 0 0 0 0 0 0 0
0 148 8 0 0 0 33 0 59 0 0 60 0 0 0 7 36 0 0 0 0 53 0 0 22 0 0 0 0 73 0 0 0 0 0 0 0 12 68 99 0 29 0 20 0 0 0 0 0 0 0 0 0 0 0 48 0 0 0 0
43 0 114 0 0 0 145 96 0 0 0 98 0 0 0 0 42 0 0 0 0 49 0 51 78 0 12 35 0 0 0 198 0 0 0 136 38 0 87 0 0 20 0 0 0 0 0 0 2 43 0 0 130 0 64 0 0 0 0 0
0 0 0 1 143 0 145 125 34 0 0 0 13 0 0 0 45 0 0 0 0 139 0 0 0 0 0 0 0 0 0 0 175 30 0 65 309 0 92 0 28 103 0 0 5 0 163 0 10 0 0 145 0 0 112 0 118 0 0 0
0 0 0 0 47 0 0 0 0 0 0 0 13 0 105 217 0 122 82 76 6 0 0 0 0 0 0 0 52 0 152 126 0 0 62 0 0 190 0 0 10 0 0 0 23 109 0 0 0 0 138 0 0 0 12 0 0 0 72 0
0 0 0 0 91 0 0 0 0 0 0 47 0 0 91 0 3 0 0 0 0 0 0 0 60 0 146 0 71 0 0 128 0 0 0 0 0 0 0 115 0 54 0 44 79 0 0 161 205 83 0 0 50 0 0 151 86 0 0 0
0 48 100 0 50 113 80 0 0 0 16 0 0 0 15 94 89 23 0 19 0 0 0 0 26 0 0 0 82 67 0 0 145 0 217 27 0 0 65 0 0 0 0 0 5 0 0 47 0 0 101 0 13 124 15 0 28 0 0 24
46 0 54 0 0 8 0 0 104 0 0 227 0 7 125 85 0 162 57 187 0 0 51 68 0 0 0 0 0 0 87 0 0 189 0 55 0 0 59 68 107 0 0 117 0 37 162 0 0 26 59 0 0 0 0 185 0 0 19 0
0 112 0 24 0 0 0 0 0 0 0 70 0 262 0 0 0 0 0 0 0 0 0 0 0 0 0 0 0 0 176 0 103 0 18 34 0 0 45 0 198 41 125 0 50 0 0 28 0 0 0 17 0 0 207 0 0 4 0 0
0 0 0 110 0 0 27 0 43 27 0 0 0 0 58 0 0 88 0 64 0 0 40 0 0 0 0 0 166 0 0 0 0 0 127 0 80 40 0 0 0 0 0 14 0 0 5 0 0 0 76 0 14 0 0 0 80 0 0 0
40 0 0 85 0 0 0 0 31 115 0 0 85 63 0 0 0 7 0 31 0 0 0 0 0 0 0 0 10 0 105 69 72 0 0 0 0 85 0 57 0 193 0 0 45 0 10 0 0 86 0 0 0 66 0 66 214 0 7 226
0 0 0 0 72 0 197 0 0 45 0 127 0 0 0 0 69 0 0 0 0 50 20 137 0 0 35 40 0 0 42 0 0 0 0 0 0 130 206 0 0 229 0 140 0 0 0 0 0 0 27 31 0 0 48 102 0 0 0 0
0 0 0 0 0 0 0 73 78 0 0 0 0 88 66 0 0 120 85 0 0 0 0 49 0 0 0 0 0 0 76 0 5 0 0 0 0 10 0 0 0 0 0 0 0 0 0 0 0 29 164 0 0 81 0 64 0 110 0 0
0 0 0 21 60 0 0 0 0 0 56 0 28 0 35 0 0 4 0 0 0 46 0 0 146 3 0 190 86 87 0 121 0 0 0 173 205 0 9 74 0 70 0 110 10 0 107 112 0 0 0 66 0 82 0 0 0 0 92 0
0 22 107 0 169 0 0 0 112 0 0 0 0 0 0 0 0 0 0 3 0 158 13 0 0 0 0 93 0 0 36 0 0 61 0 0 0 0 0 92 0 57 127 197 0 0 136 0 0 0 148 0 80 0 0 5 0 41 0 0
0 22 77 0 0 0 78 0 172 0 0 130 80 0 0 0 56 145 0 0 53 0 0 9 0 39 0 143 0 65 0 0 0 9 0 127 0 0 0 0 37 0 0 0 0 0 86 0 14 47 0 0 0 80 105 0 43 49 0 0
15 95 0 0 120 0 102 0 32 48 6 0 0 0 0 0 43 0 0 0 30 0 0 0 23 0 0 0 0 0 0 10 47 0 0 0 0 0 0 0 106 0 0 0 33 0 63 0 0 11 0 0 0 0 0 58 0 0 0 0
0 0 125 0 0 55 0 0 0 0 0 0 98 0 151 0 0 0 0 0 0 75 0 101 0 118 18 0 0 0 0 0 0 0 0 67 0 0 59 0 24 0 0 46 0 23 117 0 0 0 27 64 0 30 0 14 32 99 1 0
0 169 0 9 38 0 0 0 90 0 0 0 21 0 0 26 0 0 0 90 119 0 0 60 49 65 0 0 0 0 47 0 81 0 139 0 0 0 0 0 0 0 93 0 0 0 0 0 0 85 136 0 0 0 115 0 0 90 0 55
0 0 0 10 83 0 0 0 21 13 0 0 48 0 0 50 0 0 0 19 42 0 0 0 0 0 34 0 0 0 135 0 0 0 0 0 0 0 0 0 0 0 0 0 0 0 0 0 0 0 60 148 0 2 0 19 0 66 32 0
45 0 78 0 0 78 0 0 0 0 0 0 0 46 0 193 90 0 103 0 0 76 0 0 0 0 75 69 70 196 0 0 0 0 0 0 0 0 0 0 46 0 0 0 0 0 0 3 0 0 0 0 0 0 56 0 0 0 0 0
82 0 0 0 0 21 0 21 3 0 0 0 10 0 143 0 212 0 80 72 156 0 0 190 131 78 0 0 77 0 148 0 0 0 218 0 0 0 0 0 0 42 188 0 0 0 0 0 118 0 0 0 0 0 106 134 0 0 103 29
145 0 236 0 0 95 160 0 0 40 0 16 131 0 0 0 27 0 179 0 0 0 47 0 23 0 0 28 0 0 115 49 0 0 0 0 0 0 0 0 28 0 61 0 0 0 13 0 194 63 71 45 84 105 50 51 0 53 0 181
0 0 133 0 0 0 0 0 0 70 59 0 93 60 0 0 0 0 0 0 128 159 0 0 109 36 0 0 0 0 0 0 136 49 105 0 0 108 0 22 0 114 0 0 0 0 85 0 0 106 0 0 67 0 0 0 0 0 0 226
0 33 84 78 0 41 215 33 0 144 0 0 203 0 0 0 0 0 51 18 6 0 48 0 0 171 0 29 68 0 113 58 0 0 0 0 0 0 123 0 78 0 25 0 0 16 0 30 0 0 0 88 0 0 44 0 3 39 0 0
43 0 0 120 0 0 0 0 0 0 71 0 0 22 0 61 0 0 0 0 0 0 0 0 0 55 0 0 0 0 0 12 0 0 0 43 0 0 103 11 0 246 0 0 0 0 0 0 13 0 0 59 0 0 0 0 0 0 160 38
0 94 0 0 0 0 0 0 32 128 49 0 182 0 0 0 0 0 3 0 0 0 19 0 102 0 52 0 28 0 122 34 0 0 131 0 0 0 0 0 0 0 0 0 0 0 60 0 153 0 0 5 0 333 57 0 0 46 98 0
0 0 87 240 0 115 0 14 0 0 0 3 114 0 97 0 0 0 0 0 83 16 44 161 0 71 0 21 0 0 69 0 0 123 0 0 0 0 0 0 0 0 0 0 0 20 22 0 193 0 0 0 42 22 0 0 0 37 113 0
79 38 0 31 0 0 0 0 0 0 12 0 0 0 150 52 0 0 0 0 0 54 0 0 16 0 0 0 0 0 0 0 0 0 70 0 0 0 0 0 0 55 0 0 23 0 20 0 0 0 34 166 7 0 0 0 0 0 0 0
0 0 158 0 0 228 10 0 155 90 156 0 0 0 0 54 160 0 0 0 16 0 0 0 39 0 5 229 0 0 7 2 57 39 119 0 0 0 0 177 35 0 0 156 112 43 0 0 77 0 0 75 0 1 0 0 60 0 98 25
0 97 162 60 0 0 0 0 0 31 38 0 52 0 0 61 150 0 0 0 0 0 99 119 0 77 0 0 0 0 105 0 0 0 0 0 0 154 0 0 0 36 0 0 0 0 0 0 0 0 0 0 74 0 0 0 0 0 0 80
118 0 0 9 173 0 141 61 0 49 0 113 0 0 126 117 155 62 0 91 8 0 34 0 0 0 0 0 0 0 0 0 184 0 0 0 0 0 23 148 0 0 8 125 21 0 134 0 0 0 0 0 0 0 8 0 210 0 0 0
0 38 0 0 0 91 131 0 0 0 0 0 202 0 0 0 67 0 0 4 0 0 40 0 47 0 0 21 0 50 0 0 29 102 0 92 0 0 0 90 46 0 0 0 0 0 0 0 0 0 0 141 0 0 0 0 0 0 0 0
0 0 0 48 0 0 0 0 46 0 65 48 45 36 25 3 0 80 0 0 0 25 0 118 84 0 208 0 127 54 0 191 0 0 20 6 63 0 0 131 0 0 0 0 0 8 0 0 0 0 0 0 0 0 0 35 0 88 87 225
0 0 0 0 0 98 0 0 0 143 0 175 0 0 0 154 127 0 0 0 102 0 0 0 0 60 0 0 85 0 11 0 0 0 49 0 82 0 0 43 0 122 165 87 0 171 84 0 0 121 0 0 0 43 67 0 0 0 0 0
0 0 0 0 65 0 0 63 0 3 0 69 0 0 0 0 0 0 0 46 0 0 181 6 0 0 175 0 0 0 0 37 0 0 0 0 0 0 0 72 215 0 0 0 168 299 0 4 0 0 0 0 0 0 0 0 0 294 108 106
0 0 0 123 64 0 0 0 0 0 0 0 5 9 81 0 42 0 0 0 0 0 0 34 0 0 0 100 0 115 23 0 86 0 35 0 31 0 0 14 0 0 0 16 80 0 58 0 0 0 0 35 0 0 0 0 0 18 88 0
0 171 0 0 0 0 0 212 90 34 0 0 0 0 38 0 0 0 0 118 42 44 0 114 0 106 0 0 28 0 0 0 43 0 0 8 0 78 179 84 0 124 0 112 0 0 0 0 54 0 0 237 0 0 0 0 0 0 60 0
0 0 0 63 0 0 145 0 0 0 0 82 0 0 15 13 75 0 17 0 0 0 4 0 93 0 0 85 145 98 0 51 0 106 68 0 122 0 109 220 0 0 0 0 0 0 0 0 0 0 108 0 0 0 0 0 60 0 0 15
87 0 93 0 176 0 132 71 0 134 0 0 85 0 0 0 0 0 0 0 3 0 23 56 0 0 127 125 0 0 0 0 79 0 157 0 0 0 0 0 0 149 0 0 0 0 20 0 145 0 0 0 0 0 0 36 0 66 0 0
257 0 26 0 0 0 25 0 121 136 0 0 0 127 96 0 0 0 0 0 0 0 0 0 0 125 0 0 0 3 0 220 48 0 102 17 17 0 0 34 0 28 0 15 105 0 0 0 0 0 110 0 167 111 0 0 89 0 0 0
222 0 140 236 54 115 89 136 108 0 0 0 0 93 79 0 89 0 0 0 0 64 0 0 15 0 0 81 0 0 49 0 0 0 128 0 110 0 116 0 0 0 58 22 190 0 27 0 0 0 31 0 106 51 79 0 0 0 0 0
0 167 0 0 53 0 0 0 0 0 0 0 0 0 0 0 0 0 0 0 0 0 0 7 0 0 0 139 0 0 0 0 0 0 0 123 0 0 98 38 75 0 53 0 0 0 18 38 0 0 250 0 72 0 0 77 0 0 0 0
